41,52
41,51
41,50
41,49
41,48
41,47
41,46
41,45
41,44
41,43
41,42
41,41
41,40
41,39
41,38
41,37
41,36
41,35
10,205
10,283
10,293
10,301
10,97
10,235
10,2
10,3
9,7
9,1
9,5
9,2
9,3
8,6
8,18
8,11
8,1
8,15
8,2
8,3
29,3
29,1
20,3
20,2
20,1
19,3
19,2
19,1
12,3
12,2
12,1
11,30
11,29
11,28
11,27
11,26
11,25
11,24
11,23
11,22
11,21
11,20
11,19
11,18
11,17
11,16
11,15
11,14
11,13
11,12
11,11
11,10
11,9
11,8
11,7
11,6
11,5
11,4
11,3
11,2
11,1
11,0
10,309
10,297
10,289
10,95
10,94
10,93
18,1
10,92
18,3
10,91
10,90
10,89
10,88
10,87
10,86
10,85
10,84
10,83
14,1
